{
  "camera_angle_x": 1.659641355607824,
  "camera_angle_y": 1.1022559012434225,
  "fl_x": 878.285,
  "fl_y": 878.537,
  "k1": -0.0020288,
  "k2": 0.00117124,
  "p1": 0.000489903,
  "p2": -0.000380432,
  "cx": 959.469,
  "cy": 542.742,
  "w": 1920.0,
  "h": 1080.0,
  "aabb_scale": 2,
  "frames": [
    {
      "file_path": "images/0050.jpg",
      "sharpness": 1329.422037037033,
      "transform_matrix": [
        [
          0.831652585970177,
          0.024984809215359966,
          -0.5547355032102512,
          -1.624770814636553
        ],
        [
          -0.5534746543585976,
          0.11818224303423838,
          -0.8244395113202609,
          -3.2042946314209964
        ],
        [
          0.04496138418596926,
          0.9926775610048905,
          0.11211482852169274,
          0.4544709719218987
        ],
        [
          0.0,
          0.0,
          0.0,
          1.0
        ]
      ]
    },
    {
      "file_path": "images/0049.jpg",
      "sharpness": 1090.2927720925497,
      "transform_matrix": [
        [
          0.769038777071348,
          0.02937535402800311,
          -0.6385264619201441,
          -1.948178566669747
        ],
        [
          -0.6373279178397774,
          0.11167327710775485,
          -0.7624577357274248,
          -3.051481158327204
        ],
        [
          0.04890888580111553,
          0.9933107080118944,
          0.10460285833008609,
          0.46843600954451114
        ],
        [
          0.0,
          0.0,
          0.0,
          1.0
        ]
      ]
    },
    {
      "file_path": "images/0059.jpg",
      "sharpness": 976.7116377520216,
      "transform_matrix": [
        [
          0.9731273444254807,
          -0.08503339826714419,
          0.21399064433343037,
          1.6860247431235782
        ],
        [
          0.22407623995754936,
          0.13566539206984762,
          -0.9650825061001855,
          -3.6243673486039483
        ],
        [
          0.053033141736189754,
          0.9870988881783851,
          0.15107372427818797,
          0.4860126442637737
        ],
        [
          0.0,
          0.0,
          0.0,
          1.0
        ]
      ]
    },
    {
      "file_path": "images/0058.jpg",
      "sharpness": 1221.2114428514635,
      "transform_matrix": [
        [
          0.9903243826501956,
          -0.06022585548637863,
          0.12501783304947167,
          1.2892058033692986
        ],
        [
          0.1326033358357422,
          0.14516628563149514,
          -0.9804805457239452,
          -3.706308875732514
        ],
        [
          0.04090194151291305,
          0.9875725688680218,
          0.1517479874077668,
          0.4650480062302027
        ],
        [
          0.0,
          0.0,
          0.0,
          1.0
        ]
      ]
    },
    {
      "file_path": "images/0057.jpg",
      "sharpness": 1354.0704682060637,
      "transform_matrix": [
        [
          0.998651841918404,
          -0.03772448330172704,
          0.035683855000842146,
          0.9019713005364461
        ],
        [
          0.040969723153764015,
          0.1501844192716626,
          -0.9878097472100421,
          -3.780006350274201
        ],
        [
          0.03190539286097414,
          0.987938024147045,
          0.1515272490137871,
          0.45686574638422034
        ],
        [
          0.0,
          0.0,
          0.0,
          1.0
        ]
      ]
    },
    {
      "file_path": "images/0056.jpg",
      "sharpness": 1485.0416421162302,
      "transform_matrix": [
        [
          0.9984442537324197,
          -0.019414909856976907,
          -0.052286042269758325,
          0.5127853652908089
        ],
        [
          -0.048776686915484466,
          0.15067705688204244,
          -0.9873798436455941,
          -3.819705234340821
        ],
        [
          0.027048152919800332,
          0.9883923903627342,
          0.14949541984386486,
          0.479382445959882
        ],
        [
          0.0,
          0.0,
          0.0,
          1.0
        ]
      ]
    },
    {
      "file_path": "images/0054.jpg",
      "sharpness": 1751.0884256896227,
      "transform_matrix": [
        [
          0.9741384825281074,
          0.003224112827626371,
          -0.225931023789113,
          -0.24765010004220195
        ],
        [
          -0.22407164745647315,
          0.14258179653789313,
          -0.9640867873352996,
          -3.670975946381572
        ],
        [
          0.0291053044458699,
          0.989777779959358,
          0.13961671724930236,
          0.46734967208958283
        ],
        [
          0.0,
          0.0,
          0.0,
          1.0
        ]
      ]
    },
    {
      "file_path": "images/0053.jpg",
      "sharpness": 1746.2372282002991,
      "transform_matrix": [
        [
          0.9511631206954877,
          0.010025903002388462,
          -0.3085283334636149,
          -0.6248233956278435
        ],
        [
          -0.30693646600394364,
          0.1371338459315429,
          -0.9417992607111364,
          -3.60469827417103
        ],
        [
          0.03286725588156494,
          0.9905017993108617,
          0.13351377972203696,
          0.45146938736768466
        ],
        [
          0.0,
          0.0,
          0.0,
          1.0
        ]
      ]
    },
    {
      "file_path": "images/0055.jpg",
      "sharpness": 1587.1131389845846,
      "transform_matrix": [
        [
          0.9901911510981325,
          -0.005927850267704431,
          -0.13959492426558856,
          0.13720533075513505
        ],
        [
          -0.1372118254093213,
          0.14722921512087406,
          -0.9795391115698615,
          -3.7759377810779817
        ],
        [
          0.02635900302968856,
          0.9890846404745226,
          0.14497164215153918,
          0.4565141825349877
        ],
        [
          0.0,
          0.0,
          0.0,
          1.0
        ]
      ]
    },
    {
      "file_path": "images/0052.jpg",
      "sharpness": 1615.0557996270802,
      "transform_matrix": [
        [
          0.920279170974345,
          0.01612191322626146,
          -0.3909302785853939,
          -0.9716918320958982
        ],
        [
          -0.38953860536243495,
          0.13144372372838664,
          -0.91158234610719,
          -3.5165494455853787
        ],
        [
          0.036688876822709174,
          0.9911925311174496,
          0.12724501026909255,
          0.4690430845367254
        ],
        [
          0.0,
          0.0,
          0.0,
          1.0
        ]
      ]
    },
    {
      "file_path": "images/0051.jpg",
      "sharpness": 1443.195891660783,
      "transform_matrix": [
        [
          0.8800175426945305,
          0.02108648107540641,
          -0.4744696036623923,
          -1.319035203404032
        ],
        [
          -0.47319965472432257,
          0.1243228714242189,
          -0.8721369329838927,
          -3.347612563929663
        ],
        [
          0.040597189683235176,
          0.9920177115540053,
          0.11938478544812436,
          0.4593326104226244
        ],
        [
          0.0,
          0.0,
          0.0,
          1.0
        ]
      ]
    },
    {
      "file_path": "images/0001.jpg",
      "sharpness": 308.0897140835727,
      "transform_matrix": [
        [
          0.2103362984353478,
          -0.10602195456626554,
          0.9718631722758563,
          4.1107727369394205
        ],
        [
          0.9769108657263538,
          -0.015305393073091448,
          -0.21309843799514253,
          -1.3971729047963488
        ],
        [
          0.03746786615945908,
          0.9942459911345796,
          0.10035472027309877,
          0.5738179142780478
        ],
        [
          0.0,
          0.0,
          0.0,
          1.0
        ]
      ]
    },
    {
      "file_path": "images/0060.jpg",
      "sharpness": 866.1079801132973,
      "transform_matrix": [
        [
          0.9474496667328115,
          -0.11099720992644944,
          0.300028840754954,
          2.034963409966019
        ],
        [
          0.3125619416332458,
          0.12143279406030967,
          -0.942102790021288,
          -3.4457116025964636
        ],
        [
          0.0681375138580897,
          0.9863740047631799,
          0.14974511049372513,
          0.4583066532663489
        ],
        [
          0.0,
          0.0,
          0.0,
          1.0
        ]
      ]
    },
    {
      "file_path": "images/0014.jpg",
      "sharpness": 1232.6877107286055,
      "transform_matrix": [
        [
          -0.5900612645961099,
          -0.0545340697737177,
          0.8055144012055775,
          2.7551102900345916
        ],
        [
          0.8054065367784106,
          -0.10909295060765711,
          0.582596558561457,
          2.6880796805993037
        ],
        [
          0.0561046019959625,
          0.9925345090245702,
          0.10829367511943822,
          0.4434150412898425
        ],
        [
          0.0,
          0.0,
          0.0,
          1.0
        ]
      ]
    },
    {
      "file_path": "images/0017.jpg",
      "sharpness": 1335.2894724077553,
      "transform_matrix": [
        [
          -0.7848671189337132,
          -0.008587228540649906,
          0.6196044050850964,
          1.8508111834813863
        ],
        [
          0.615054624504243,
          -0.13252712029703986,
          0.7772670872866163,
          3.372572759355784
        ],
        [
          0.07543983401416592,
          0.9911421755688822,
          0.1092978396710724,
          0.4886178386004986
        ],
        [
          0.0,
          0.0,
          0.0,
          1.0
        ]
      ]
    },
    {
      "file_path": "images/0015.jpg",
      "sharpness": 1369.320556690412,
      "transform_matrix": [
        [
          -0.6631025911579913,
          -0.039360668700732314,
          0.7474931445189822,
          2.477147058102969
        ],
        [
          0.7457899129123334,
          -0.1200891039096002,
          0.655268130323413,
          3.01441195325683
        ],
        [
          0.06397396874763894,
          0.9919825389435573,
          0.10898612689775757,
          0.46591801809093
        ],
        [
          0.0,
          0.0,
          0.0,
          1.0
        ]
      ]
    },
    {
      "file_path": "images/0018.jpg",
      "sharpness": 1239.139218564954,
      "transform_matrix": [
        [
          -0.8350362013112458,
          0.006034978098579353,
          0.5501610644568553,
          1.519337911405207
        ],
        [
          0.5445176322635362,
          -0.13420308944085366,
          0.827942724343265,
          3.553372009155616
        ],
        [
          0.07882999275723832,
          0.9909354543427581,
          0.10877845507386512,
          0.478086050011355
        ],
        [
          0.0,
          0.0,
          0.0,
          1.0
        ]
      ]
    },
    {
      "file_path": "images/0020.jpg",
      "sharpness": 945.7945749671205,
      "transform_matrix": [
        [
          -0.9143540035499613,
          0.03256565421927185,
          0.4036042538641551,
          0.8619488393429503
        ],
        [
          0.39619605648261946,
          -0.13379040373013007,
          0.908366100141407,
          3.8040542688606913
        ],
        [
          0.08357990203558277,
          0.9904744376732512,
          0.10942937946238737,
          0.4922960903206265
        ],
        [
          0.0,
          0.0,
          0.0,
          1.0
        ]
      ]
    },
    {
      "file_path": "images/0016.jpg",
      "sharpness": 1404.230729159625,
      "transform_matrix": [
        [
          -0.7282614380591048,
          -0.02401832364844448,
          0.6848784056556133,
          2.1733781689170395
        ],
        [
          0.6816805498112422,
          -0.12795941787191384,
          0.7203735474953005,
          3.2141089287211035
        ],
        [
          0.07033447489016761,
          0.9914885318769819,
          0.1095607275971748,
          0.4565008274769006
        ],
        [
          0.0,
          0.0,
          0.0,
          1.0
        ]
      ]
    },
    {
      "file_path": "images/0019.jpg",
      "sharpness": 1084.972368055773,
      "transform_matrix": [
        [
          -0.8779542090464909,
          0.01943687238597457,
          0.4783494819276316,
          1.201253529908924
        ],
        [
          0.47178881052617083,
          -0.13457354823358178,
          0.8713810250060002,
          3.7093213821128352
        ],
        [
          0.08131013447284136,
          0.9907129523411398,
          0.10897938372303734,
          0.5206201322202292
        ],
        [
          0.0,
          0.0,
          0.0,
          1.0
        ]
      ]
    },
    {
      "file_path": "images/0023.jpg",
      "sharpness": 663.1374723351389,
      "transform_matrix": [
        [
          -0.9859794089083168,
          0.0665554772335168,
          0.15301888029144065,
          -0.24265627359001612
        ],
        [
          0.14345704461101225,
          -0.13029943988296888,
          0.9810412511768088,
          4.100943642631026
        ],
        [
          0.08523195403547108,
          0.9892383020448623,
          0.11892474571300916,
          0.5313447265631499
        ],
        [
          0.0,
          0.0,
          0.0,
          1.0
        ]
      ]
    },
    {
      "file_path": "images/0024.jpg",
      "sharpness": 626.4591769643697,
      "transform_matrix": [
        [
          -0.9949460176362409,
          0.07892921343055703,
          0.062059846109696754,
          -0.6159412726560053
        ],
        [
          0.051673253180468254,
          -0.12743264695362924,
          0.9904996816748055,
          4.109116382017721
        ],
        [
          0.08608787450718945,
          0.9887017059562059,
          0.12271027228966243,
          0.5058396291336
        ],
        [
          0.0,
          0.0,
          0.0,
          1.0
        ]
      ]
    },
    {
      "file_path": "images/0021.jpg",
      "sharpness": 792.4758365566555,
      "transform_matrix": [
        [
          -0.9449238546518237,
          0.04351578485502413,
          0.3243834944230852,
          0.5089236716483103
        ],
        [
          0.31634762577842535,
          -0.13269543547148122,
          0.93931648967737,
          3.8895595457856125
        ],
        [
          0.08391934268814004,
          0.9902011293214591,
          0.1116210765797954,
          0.5179322279600846
        ],
        [
          0.0,
          0.0,
          0.0,
          1.0
        ]
      ]
    },
    {
      "file_path": "images/0022.jpg",
      "sharpness": 700.3227063541865,
      "transform_matrix": [
        [
          -0.9689643095454428,
          0.05521555563639456,
          0.2409523099043876,
          0.12659781412450022
        ],
        [
          0.23213009725773776,
          -0.1318647687235205,
          0.9637042639586443,
          4.012290313667402
        ],
        [
          0.08498466955316426,
          0.9897286899146425,
          0.114955300068291,
          0.5066601535373185
        ],
        [
          0.0,
          0.0,
          0.0,
          1.0
        ]
      ]
    },
    {
      "file_path": "images/0025.jpg",
      "sharpness": 588.1080230316018,
      "transform_matrix": [
        [
          -0.9953699721117074,
          0.09075560831985104,
          -0.03162171182630341,
          -0.9833128412670369
        ],
        [
          -0.04270198672088959,
          -0.12287139941958554,
          0.9915024232324218,
          4.066653836577367
        ],
        [
          0.086099110273967,
          0.9882641222622537,
          0.1261782948046538,
          0.5190241375222093
        ],
        [
          0.0,
          0.0,
          0.0,
          1.0
        ]
      ]
    },
    {
      "file_path": "images/0029.jpg",
      "sharpness": 364.50073830610415,
      "transform_matrix": [
        [
          -0.8975164069055965,
          0.13999546868852175,
          -0.41817076323003555,
          -2.419364777650559
        ],
        [
          -0.4319942811602511,
          -0.08864105676752179,
          0.8975104024637373,
          3.4039196377195804
        ],
        [
          0.08858023335829383,
          0.9861764883809008,
          0.14003384826698023,
          0.49546500103723257
        ],
        [
          0.0,
          0.0,
          0.0,
          1.0
        ]
      ]
    },
    {
      "file_path": "images/0028.jpg",
      "sharpness": 442.7738317372503,
      "transform_matrix": [
        [
          -0.938285530796932,
          0.12857129597647743,
          -0.3210798468411403,
          -2.07408260092428
        ],
        [
          -0.3344042274965705,
          -0.10023521498609098,
          0.9370855331383553,
          3.6226612572432506
        ],
        [
          0.0882986699491945,
          0.9866217095544829,
          0.1370436171872144,
          0.5209859523913637
        ],
        [
          0.0,
          0.0,
          0.0,
          1.0
        ]
      ]
    },
    {
      "file_path": "images/0065.jpg",
      "sharpness": 476.50155204389876,
      "transform_matrix": [
        [
          0.706809145607998,
          -0.17122137759147826,
          0.6863699526163364,
          3.40760544185356
        ],
        [
          0.6980651921506688,
          0.011681233894460326,
          -0.7159386645541914,
          -2.084259933153409
        ],
        [
          0.11456637668622467,
          0.9851633303688226,
          0.12778008877512856,
          0.4721937852964258
        ],
        [
          0.0,
          0.0,
          0.0,
          1.0
        ]
      ]
    },
    {
      "file_path": "images/0011.jpg",
      "sharpness": 1064.6938987854762,
      "transform_matrix": [
        [
          -0.3414391255888322,
          -0.09904013748603403,
          0.9346712766684514,
          3.5693959546005853
        ],
        [
          0.939333467175139,
          -0.07059712240453586,
          0.33566159218467967,
          1.7649907513079655
        ],
        [
          0.032741130889395044,
          0.9925759912033587,
          0.11713633162034295,
          0.48327704563590457
        ],
        [
          0.0,
          0.0,
          0.0,
          1.0
        ]
      ]
    },
    {
      "file_path": "images/0068.jpg",
      "sharpness": 360.92364533000915,
      "transform_matrix": [
        [
          0.4832127847557308,
          -0.13480004140397447,
          0.8650631632963109,
          3.9432783131146953
        ],
        [
          0.8691472691281975,
          -0.044981396787019325,
          -0.4925034195176462,
          -1.071525406814698
        ],
        [
          0.10530122943245748,
          0.9898513132740742,
          0.09542549637082408,
          0.4869507184394924
        ],
        [
          0.0,
          0.0,
          0.0,
          1.0
        ]
      ]
    },
    {
      "file_path": "images/0010.jpg",
      "sharpness": 939.2791155443779,
      "transform_matrix": [
        [
          -0.25787597220842184,
          -0.11180157961662543,
          0.9596876477037101,
          3.767788855136648
        ],
        [
          0.9657457791845978,
          -0.059534991711651164,
          0.2525681415230235,
          1.3969607654239484
        ],
        [
          0.028897479469549254,
          0.9919455585971636,
          0.12332454917595163,
          0.5207081545097095
        ],
        [
          0.0,
          0.0,
          0.0,
          1.0
        ]
      ]
    },
    {
      "file_path": "images/0069.jpg",
      "sharpness": 374.2066574231753,
      "transform_matrix": [
        [
          0.4092559174548103,
          -0.12020697004186293,
          0.9044666626985045,
          4.090280818946007
        ],
        [
          0.907300641438473,
          -0.051242485596116154,
          -0.4173485622736294,
          -0.7092380332234706
        ],
        [
          0.09651532965387698,
          0.9914254852558229,
          0.08809257666714981,
          0.4597566363613936
        ],
        [
          0.0,
          0.0,
          0.0,
          1.0
        ]
      ]
    },
    {
      "file_path": "images/0009.jpg",
      "sharpness": 821.7689942405083,
      "transform_matrix": [
        [
          -0.1812656503544472,
          -0.12176772630495197,
          0.9758664882354708,
          3.924917987090698
        ],
        [
          0.9830767614435624,
          -0.04918665884298813,
          0.17646748087472303,
          1.0725853404840209
        ],
        [
          0.026511567305625292,
          0.9913391419239456,
          0.1286228698700167,
          0.5100526493437639
        ],
        [
          0.0,
          0.0,
          0.0,
          1.0
        ]
      ]
    },
    {
      "file_path": "images/0030.jpg",
      "sharpness": 311.4869414043067,
      "transform_matrix": [
        [
          -0.845598483676193,
          0.15093900492668136,
          -0.5120369707934516,
          -2.7503133856866007
        ],
        [
          -0.5263382611370653,
          -0.07570849774887742,
          0.8468987517706908,
          3.1647116230336425
        ],
        [
          0.08906444695504048,
          0.9856397286526867,
          0.1434637660209532,
          0.5285547507349019
        ],
        [
          0.0,
          0.0,
          0.0,
          1.0
        ]
      ]
    },
    {
      "file_path": "images/0067.jpg",
      "sharpness": 382.49395060906403,
      "transform_matrix": [
        [
          0.5613578410201728,
          -0.15008436894344204,
          0.8138502318966622,
          3.8027713764206217
        ],
        [
          0.8201674814618038,
          -0.030374982781881426,
          -0.5713167341936045,
          -1.4153697432411136
        ],
        [
          0.11046639603367217,
          0.9882064778942928,
          0.1060430903849312,
          0.47492883868852676
        ],
        [
          0.0,
          0.0,
          0.0,
          1.0
        ]
      ]
    },
    {
      "file_path": "images/0008.jpg",
      "sharpness": 748.226275429638,
      "transform_matrix": [
        [
          -0.1117109686108972,
          -0.1281084278177835,
          0.9854485802017539,
          4.051134156245448
        ],
        [
          0.9934093248792013,
          -0.04000555560558139,
          0.10741267597554155,
          0.740969131159113
        ],
        [
          0.025662948439531885,
          0.9909529692233533,
          0.13173316255213333,
          0.5413159170687845
        ],
        [
          0.0,
          0.0,
          0.0,
          1.0
        ]
      ]
    },
    {
      "file_path": "images/0027.jpg",
      "sharpness": 487.1567201954196,
      "transform_matrix": [
        [
          -0.9677280924692427,
          0.11661623186776929,
          -0.22338457095788972,
          -1.7378589911171847
        ],
        [
          -0.2360841343596393,
          -0.10959359664149924,
          0.9655315630945204,
          3.8396937971954475
        ],
        [
          0.0881152483540547,
          0.9871118629652629,
          0.13358842526077144,
          0.5067760234451081
        ],
        [
          0.0,
          0.0,
          0.0,
          1.0
        ]
      ]
    },
    {
      "file_path": "images/0062.jpg",
      "sharpness": 634.6825819053275,
      "transform_matrix": [
        [
          0.8729872076437494,
          -0.15262743433011267,
          0.46324697370861817,
          2.68054101770725
        ],
        [
          0.47846543805856423,
          0.08362089839048535,
          -0.874115510900913,
          -2.990155647092942
        ],
        [
          0.09467690774848911,
          0.9847397665302668,
          0.14602695718063713,
          0.44732833560736907
        ],
        [
          0.0,
          0.0,
          0.0,
          1.0
        ]
      ]
    },
    {
      "file_path": "images/0007.jpg",
      "sharpness": 633.6469124137263,
      "transform_matrix": [
        [
          -0.048573025571123245,
          -0.1297616248245663,
          0.9903547742012245,
          4.088401562918257
        ],
        [
          0.9984829930729453,
          -0.03204897112973599,
          0.044772453857072264,
          0.3615344375215725
        ],
        [
          0.025930105407468162,
          0.9910271356935982,
          0.1311214922910747,
          0.5276634344610553
        ],
        [
          0.0,
          0.0,
          0.0,
          1.0
        ]
      ]
    },
    {
      "file_path": "images/0061.jpg",
      "sharpness": 739.0531157235587,
      "transform_matrix": [
        [
          0.9140393671533737,
          -0.13412784159311225,
          0.38280789600584314,
          2.3562055674681788
        ],
        [
          0.3971129010200231,
          0.10356923200327073,
          -0.9119072791911544,
          -3.2251422286989797
        ],
        [
          0.08266502790819447,
          0.9855369793579833,
          0.14793024061789825,
          0.4684449329260365
        ],
        [
          0.0,
          0.0,
          0.0,
          1.0
        ]
      ]
    },
    {
      "file_path": "images/0006.jpg",
      "sharpness": 532.9560876947014,
      "transform_matrix": [
        [
          0.0073247552031218185,
          -0.1282777123925162,
          0.9917112364590093,
          4.0932339746118345
        ],
        [
          0.9996523037602074,
          -0.024182279289931396,
          -0.01051138231855323,
          -0.03281610006429378
        ],
        [
          0.025330214163563833,
          0.9914434154938647,
          0.1280559814137622,
          0.5414738212501192
        ],
        [
          0.0,
          0.0,
          0.0,
          1.0
        ]
      ]
    },
    {
      "file_path": "images/0063.jpg",
      "sharpness": 582.7703915790538,
      "transform_matrix": [
        [
          0.8242082549184409,
          -0.1668830051718569,
          0.5411394161531273,
          2.9523558474577154
        ],
        [
          0.5563464613025453,
          0.06035842046054956,
          -0.8287560152555863,
          -2.718804882186477
        ],
        [
          0.10564290334024559,
          0.984127497283452,
          0.14259262691230976,
          0.4666064187678274
        ],
        [
          0.0,
          0.0,
          0.0,
          1.0
        ]
      ]
    },
    {
      "file_path": "images/0005.jpg",
      "sharpness": 434.88322202658946,
      "transform_matrix": [
        [
          0.05951808940332192,
          -0.12390930387422983,
          0.9905069818236145,
          4.1185948288511245
        ],
        [
          0.9979203827119805,
          -0.017215400092013486,
          -0.06211714192893922,
          -0.37841403173509874
        ],
        [
          0.024748865716812764,
          0.9921442004111697,
          0.12262699215832444,
          0.55934181715626
        ],
        [
          0.0,
          0.0,
          0.0,
          1.0
        ]
      ]
    },
    {
      "file_path": "images/0064.jpg",
      "sharpness": 507.2596209477307,
      "transform_matrix": [
        [
          0.7695094735448857,
          -0.1726052580315915,
          0.6148675024564073,
          3.178403379313347
        ],
        [
          0.6287357187704293,
          0.03589240746433779,
          -0.7767899181962883,
          -2.3985994518512244
        ],
        [
          0.11200898482661102,
          0.9843369124920479,
          0.1361426536312849,
          0.46086473120987625
        ],
        [
          0.0,
          0.0,
          0.0,
          1.0
        ]
      ]
    },
    {
      "file_path": "images/0004.jpg",
      "sharpness": 369.0849823805256,
      "transform_matrix": [
        [
          0.10645565653749318,
          -0.11842314308913104,
          0.9872401738097983,
          4.124271190404209
        ],
        [
          0.9939979052755135,
          -0.012495294292147732,
          -0.10868321073245922,
          -0.6825333570792014
        ],
        [
          0.02520646524401381,
          0.992884599056703,
          0.1163821616192979,
          0.572158567044068
        ],
        [
          0.0,
          0.0,
          0.0,
          1.0
        ]
      ]
    },
    {
      "file_path": "images/0070.jpg",
      "sharpness": 406.7225554555864,
      "transform_matrix": [
        [
          0.3493968850810478,
          -0.11205182359733463,
          0.9302506665997197,
          4.207860672722278
        ],
        [
          0.9324942386942217,
          -0.055393792073108156,
          -0.356911929285144,
          -0.3306368238257104
        ],
        [
          0.09152275294228579,
          0.9921572046693123,
          0.08513327311577455,
          0.48703967686261235
        ],
        [
          0.0,
          0.0,
          0.0,
          1.0
        ]
      ]
    },
    {
      "file_path": "images/0003.jpg",
      "sharpness": 332.09428816191416,
      "transform_matrix": [
        [
          0.1485677143866556,
          -0.1130284431127453,
          0.982421609594862,
          4.062066070579356
        ],
        [
          0.9885312426646146,
          -0.01023561859539688,
          -0.1506692668349274,
          -0.9946825152913502
        ],
        [
          0.027085607562024827,
          0.993539029674385,
          0.11021146481711443,
          0.5637671748544265
        ],
        [
          0.0,
          0.0,
          0.0,
          1.0
        ]
      ]
    },
    {
      "file_path": "images/0066.jpg",
      "sharpness": 421.99322482534546,
      "transform_matrix": [
        [
          0.6361205379263442,
          -0.1623405485287065,
          0.754318414398094,
          3.6468794911375695
        ],
        [
          0.763292749473585,
          -0.010582449486179842,
          -0.6459661403648566,
          -1.7658791829447482
        ],
        [
          0.11284903160218382,
          0.9866780418179706,
          0.11718165125058592,
          0.48316996766693904
        ],
        [
          0.0,
          0.0,
          0.0,
          1.0
        ]
      ]
    },
    {
      "file_path": "images/0002.jpg",
      "sharpness": 325.03353291929517,
      "transform_matrix": [
        [
          0.18379232283665276,
          -0.10937145983596512,
          0.9768614260732053,
          4.032864535367207
        ],
        [
          0.9824553211392874,
          -0.011562071541247734,
          -0.18613930383507515,
          -1.234526385939026
        ],
        [
          0.03165286630010552,
          0.9939337009597553,
          0.10532755270439759,
          0.5690427517099365
        ],
        [
          0.0,
          0.0,
          0.0,
          1.0
        ]
      ]
    },
    {
      "file_path": "images/0012.jpg",
      "sharpness": 1116.377446185874,
      "transform_matrix": [
        [
          -0.4259566513068152,
          -0.08511599815543319,
          0.900730846748427,
          3.330796799320092
        ],
        [
          0.9038790344819396,
          -0.08354478980105387,
          0.4195507352253589,
          2.0994521958779164
        ],
        [
          0.039540899619572786,
          0.9928622912713904,
          0.11252105108566446,
          0.48330048632812944
        ],
        [
          0.0,
          0.0,
          0.0,
          1.0
        ]
      ]
    },
    {
      "file_path": "images/0013.jpg",
      "sharpness": 1299.8947448101512,
      "transform_matrix": [
        [
          -0.5104430360997152,
          -0.06963776580205687,
          0.8570872752327893,
          3.0255718782407643
        ],
        [
          0.8585868560847773,
          -0.09657811653321562,
          0.5034892121405626,
          2.3772845921654864
        ],
        [
          0.047714002967797105,
          0.9928863245112292,
          0.10908767708632074,
          0.4488624894904178
        ],
        [
          0.0,
          0.0,
          0.0,
          1.0
        ]
      ]
    },
    {
      "file_path": "images/0026.jpg",
      "sharpness": 533.795357659783,
      "transform_matrix": [
        [
          -0.9864152542922631,
          0.10364529996462822,
          -0.1274542415541833,
          -1.3784917781076342
        ],
        [
          -0.13935561124921403,
          -0.11710549009392242,
          0.9832946163125154,
          3.9959512120747833
        ],
        [
          0.08698817453211137,
          0.9876963171188745,
          0.12995786917482494,
          0.5319363598043579
        ],
        [
          0.0,
          0.0,
          0.0,
          1.0
        ]
      ]
    },
    {
      "file_path": "images/0031.jpg",
      "sharpness": 284.89914110557294,
      "transform_matrix": [
        [
          -0.7836018996536149,
          0.16050438062826752,
          -0.6001744709985768,
          -3.008752702461428
        ],
        [
          -0.614710358801176,
          -0.06034098196851894,
          0.7864433403952176,
          2.8565942263753255
        ],
        [
          0.09001234350186987,
          0.9851890133110739,
          0.14594653849965647,
          0.48718737105637056
        ],
        [
          0.0,
          0.0,
          0.0,
          1.0
        ]
      ]
    },
    {
      "file_path": "images/0032.jpg",
      "sharpness": 264.41327787417606,
      "transform_matrix": [
        [
          -0.7143083241047345,
          0.1674461029409005,
          -0.6795019531433008,
          -3.230282441635304
        ],
        [
          -0.6939315093579189,
          -0.04368008605176291,
          0.7187131527527726,
          2.537333576852608
        ],
        [
          0.09066513240052654,
          0.9849130848422204,
          0.14739757177797114,
          0.5171316956996452
        ],
        [
          0.0,
          0.0,
          0.0,
          1.0
        ]
      ]
    },
    {
      "file_path": "images/0033.jpg",
      "sharpness": 253.2319738602805,
      "transform_matrix": [
        [
          -0.6398781620969647,
          0.17196324001911936,
          -0.7489907400735696,
          -3.4702174555901832
        ],
        [
          -0.7630686698364461,
          -0.026739514157263628,
          0.6457660165655909,
          2.202698703022341
        ],
        [
          0.09102024584140084,
          0.9847404277259473,
          0.14832939604494594,
          0.5044859475069677
        ],
        [
          0.0,
          0.0,
          0.0,
          1.0
        ]
      ]
    },
    {
      "file_path": "images/0034.jpg",
      "sharpness": 234.47344953176213,
      "transform_matrix": [
        [
          -0.5642836868613031,
          0.1737942170830658,
          -0.8070810031672606,
          -3.629083594014514
        ],
        [
          -0.8206341638008824,
          -0.011217681515321709,
          0.5713440184115921,
          1.8372594590547182
        ],
        [
          0.09024269651343053,
          0.984718101972865,
          0.14895138757326493,
          0.5008165018767815
        ],
        [
          0.0,
          0.0,
          0.0,
          1.0
        ]
      ]
    },
    {
      "file_path": "images/0035.jpg",
      "sharpness": 221.73290846771107,
      "transform_matrix": [
        [
          -0.4868970300458139,
          0.17190170128040863,
          -0.8563795092806115,
          -3.723777815475692
        ],
        [
          -0.8690241405946721,
          0.0033718996294577197,
          0.4947630190619059,
          1.4490384175117985
        ],
        [
          0.087938004606233,
          0.9851083974270174,
          0.14774424063898986,
          0.4876447205976521
        ],
        [
          0.0,
          0.0,
          0.0,
          1.0
        ]
      ]
    },
    {
      "file_path": "images/0036.jpg",
      "sharpness": 223.56635367792745,
      "transform_matrix": [
        [
          -0.40659559446963545,
          0.1671582090527883,
          -0.8981871933270867,
          -3.832960124429358
        ],
        [
          -0.9097323216446429,
          0.01639866469193256,
          0.4148737917443102,
          1.0611858083264654
        ],
        [
          0.08407853511627005,
          0.9857937241035075,
          0.1454012947320524,
          0.48569421516508926
        ],
        [
          0.0,
          0.0,
          0.0,
          1.0
        ]
      ]
    },
    {
      "file_path": "images/0039.jpg",
      "sharpness": 295.19943576174575,
      "transform_matrix": [
        [
          -0.13226117258467474,
          0.14651104627082664,
          -0.9803276417305952,
          -3.9751910574321294
        ],
        [
          -0.9882951596960101,
          0.05636871877554381,
          0.14176047970313455,
          -0.09315697553048968
        ],
        [
          0.07602925533804518,
          0.9876016896078339,
          0.13734065639644474,
          0.4916050919605695
        ],
        [
          0.0,
          0.0,
          0.0,
          1.0
        ]
      ]
    },
    {
      "file_path": "images/0037.jpg",
      "sharpness": 242.65120510440877,
      "transform_matrix": [
        [
          -0.3205968772401314,
          0.1617569719379175,
          -0.9333019579190913,
          -3.950778630091275
        ],
        [
          -0.9437345981496588,
          0.029850538470519206,
          0.3293541766404721,
          0.6567134787865015
        ],
        [
          0.0811348904033011,
          0.986379051090906,
          0.14308562975003644,
          0.5009535439785677
        ],
        [
          0.0,
          0.0,
          0.0,
          1.0
        ]
      ]
    },
    {
      "file_path": "images/0044.jpg",
      "sharpness": 420.3626075374127,
      "transform_matrix": [
        [
          0.3512995766656682,
          0.08118968163013031,
          -0.9327363624075793,
          -3.2886859148522696
        ],
        [
          -0.9342692368414953,
          0.09538325830419075,
          -0.3435743089296188,
          -1.8214976937523095
        ],
        [
          0.06107273530478651,
          0.9921241221633073,
          0.10936108757816107,
          0.47029494199456207
        ],
        [
          0.0,
          0.0,
          0.0,
          1.0
        ]
      ]
    },
    {
      "file_path": "images/0043.jpg",
      "sharpness": 399.59586849460646,
      "transform_matrix": [
        [
          0.25923569721480794,
          0.09787956889411382,
          -0.9608424442919289,
          -3.475603438943334
        ],
        [
          -0.9636115755500159,
          0.0933746863685407,
          -0.25047087223359626,
          -1.4871798111944625
        ],
        [
          0.06520231623060917,
          0.990808148298639,
          0.11852372209422445,
          0.49508489024946545
        ],
        [
          0.0,
          0.0,
          0.0,
          1.0
        ]
      ]
    },
    {
      "file_path": "images/0045.jpg",
      "sharpness": 459.4887572536809,
      "transform_matrix": [
        [
          0.4429486119493639,
          0.06577647057806608,
          -0.8941333850519014,
          -3.05393922182586
        ],
        [
          -0.8947123566300753,
          0.09624384393340313,
          -0.4361553036233202,
          -2.122608349944846
        ],
        [
          0.05736594161233189,
          0.993182077688973,
          0.10148159056539845,
          0.4709748606898067
